9 56
0 -0.00166667 -0.00333333 -0.0413597 -0.0764001 -0.0818277 -0.084291 -0.122009 -0.132858 
0 -0.00166667 -0.00333333 -0.0412804 -0.0756861 -0.0818277 -0.0845749 -0.124565 -0.132858 
0 -0.00166667 -0.00333333 -0.0405592 -0.066986 -0.0818277 -0.0883715 -0.117102 -0.132858 
0 -0.00166667 -0.00333333 -0.0405439 -0.0685833 -0.0997001 -0.0889107 -0.116097 -0.14516 
0 -0.00166667 -0.00333333 -0.0405439 -0.066796 -0.0818277 -0.0882336 -0.115391 -0.132858 
0 -0.00166667 -0.00333333 -0.0401045 -0.0704066 -0.0818277 -0.0863252 -0.132494 -0.132858 
0 -0.00166667 -0.00333333 -0.0400446 -0.0688435 -0.0979063 -0.0844172 -0.118438 -0.129015 
0 -0.00166667 -0.00333333 -0.0398172 -0.070797 -0.100339 -0.0844172 -0.118438 -0.129015 
0 -0.00166667 -0.00333333 -0.0393151 -0.0589637 -0.091478 -0.0832722 -0.107232 -0.141084 
0 -0.00166667 -0.00333333 -0.0392102 -0.0570759 -0.0820388 -0.0831978 -0.105891 -0.134379 
0 -0.00166667 -0.00333333 -0.0392102 -0.0570759 -0.0820388 -0.0828081 -0.108853 -0.134758 
0 -0.00166667 -0.00333333 -0.0392102 -0.0570759 -0.0820388 -0.0826968 -0.10788 -0.135045 
0 -0.00166667 -0.00333333 -0.0392109 -0.0570606 -0.0818277 -0.08321 -0.1056 -0.130367 
0 -0.00166667 -0.00333333 -0.0392109 -0.0570606 -0.0818277 -0.0828139 -0.108716 -0.132858 
0 -0.00166667 -0.00333333 -0.0392109 -0.0570606 -0.0818277 -0.0827026 -0.107743 -0.133145 
0 -0.00166667 -0.00333333 -0.039183 -0.0578764 -0.0924989 -0.0826775 -0.101671 -0.138989 
0 -0.00166667 -0.00333333 -0.039183 -0.0578764 -0.0924989 -0.0822942 -0.104773 -0.140211 
0 -0.00166667 -0.00333333 -0.039183 -0.0578764 -0.0924989 -0.0821828 -0.1038 -0.140498 
0 -0.00166667 -0.00333333 -0.039183 -0.0577998 -0.0917326 -0.0826775 -0.101995 -0.142229 
0 -0.00166667 -0.00333333 -0.039183 -0.0577971 -0.0917055 -0.0826775 -0.101984 -0.14212 
0 -0.00166667 -0.00333333 -0.039183 -0.0577971 -0.0917055 -0.0822942 -0.105057 -0.14305 
0 -0.00166667 -0.00333333 -0.039183 -0.0577971 -0.0917055 -0.0821828 -0.104084 -0.143337 
0 -0.00166667 -0.00333333 -0.0391175 -0.0566211 -0.0858394 -0.0827804 -0.103845 -0.151482 
0 -0.00166667 -0.00333333 -0.0391175 -0.0566211 -0.0858394 -0.0823907 -0.106807 -0.151861 
0 -0.00166667 -0.00333333 -0.0391175 -0.0566211 -0.0858394 -0.0822794 -0.105834 -0.152148 
0 -0.00166667 -0.00333333 -0.0389105 -0.0673566 -0.0964195 -0.0735333 -0.10564 -0.116217 
0 -0.00166667 -0.00333333 -0.0389105 -0.0662137 -0.0849905 -0.0735333 -0.110151 -0.161323 
0 -0.00166667 -0.00333333 -0.0389105 -0.0661169 -0.0840218 -0.0735333 -0.109294 -0.15276 
0 -0.00166667 -0.00333333 -0.0387258 -0.0589637 -0.091478 -0.0841975 -0.107232 -0.141084 
0 -0.00166667 -0.00333333 -0.0386831 -0.0693101 -0.0988517 -0.0735333 -0.10564 -0.116217 
0 -0.00166667 -0.00333333 -0.0386831 -0.067924 -0.0849905 -0.0735333 -0.110151 -0.161323 
0 -0.00166667 -0.00333333 -0.0386831 -0.0678271 -0.0840218 -0.0735333 -0.109294 -0.15276 
0 -0.00166667 -0.00333333 -0.0386209 -0.0570759 -0.0820388 -0.084123 -0.105891 -0.134379 
0 -0.00166667 -0.00333333 -0.0386209 -0.0570759 -0.0820388 -0.0836774 -0.108853 -0.134758 
0 -0.00166667 -0.00333333 -0.0386209 -0.0570759 -0.0820388 -0.0835661 -0.10788 -0.135045 
0 -0.00166667 -0.00333333 -0.0386216 -0.0570606 -0.0818277 -0.0841352 -0.1056 -0.130367 
0 -0.00166667 -0.00333333 -0.0386216 -0.0570606 -0.0818277 -0.0836832 -0.108716 -0.132858 
0 -0.00166667 -0.00333333 -0.0386216 -0.0570606 -0.0818277 -0.0835719 -0.107743 -0.133145 
0 -0.00166667 -0.00333333 -0.0385937 -0.0578764 -0.0924989 -0.0836028 -0.101671 -0.138989 
0 -0.00166667 -0.00333333 -0.0385937 -0.0578764 -0.0924989 -0.0831634 -0.104773 -0.140211 
0 -0.00166667 -0.00333333 -0.0385937 -0.0578764 -0.0924989 -0.0830521 -0.1038 -0.140498 
0 -0.00166667 -0.00333333 -0.0385937 -0.0577998 -0.0917326 -0.0836028 -0.101995 -0.142229 
0 -0.00166667 -0.00333333 -0.0385937 -0.0577971 -0.0917055 -0.0836028 -0.101984 -0.14212 
0 -0.00166667 -0.00333333 -0.0385937 -0.0577971 -0.0917055 -0.0831634 -0.105057 -0.14305 
0 -0.00166667 -0.00333333 -0.0385937 -0.0577971 -0.0917055 -0.0830521 -0.104084 -0.143337 
0 -0.00166667 -0.00333333 -0.0385282 -0.0566211 -0.0858394 -0.0837056 -0.103845 -0.151482 
0 -0.00166667 -0.00333333 -0.0385282 -0.0566211 -0.0858394 -0.08326 -0.106807 -0.151861 
0 -0.00166667 -0.00333333 -0.0385282 -0.0566211 -0.0858394 -0.0831487 -0.105834 -0.152148 
0 -0.00166667 -0.00333333 -0.037897 -0.0608486 -0.0849905 -0.0771618 -0.142808 -0.161323 
0 -0.00166667 -0.00333333 -0.0378506 -0.0606212 -0.0868909 -0.0771618 -0.142808 -0.161323 
0 -0.00166667 -0.00333333 -0.0378314 -0.0603715 -0.0861264 -0.0765712 -0.138514 -0.171546 
0 -0.00166667 -0.00333333 -0.0378001 -0.0598799 -0.0840218 -0.0763055 -0.134244 -0.15276 
0 -0.00166667 -0.00333333 -0.037785 -0.0601442 -0.0880267 -0.0765712 -0.138514 -0.171546 
0 -0.00166667 -0.00333333 -0.0377537 -0.0596525 -0.0859221 -0.0763055 -0.134244 -0.15276 
0 -0.00166667 -0.00333333 -0.0377184 -0.0592028 -0.0846049 -0.0754433 -0.127023 -0.15814 
0 -0.00166667 -0.00333333 -0.037672 -0.0589755 -0.0865052 -0.0754433 -0.127023 -0.15814 
